BubbleSort
01. [6,(9),(5),1,8,7,3,2,4]
02. [6,5,(9),(1),8,7,3,2,4]
03. [6,5,1,(9),(8),7,3,2,4]
04. [6,5,1,8,(9),(7),3,2,4]
05. [6,5,1,8,7,(9),(3),2,4]
06. [6,5,1,8,7,3,(9),(2),4]
07. [6,5,1,8,7,3,2,(9),(4)]
08. [(6),(5),1,8,7,3,2,4,9]

09. [5,(6),(1),8,7,3,2,4,9]
10. [5,1,6,(8),(7),3,2,4,9]
11. [5,1,6,7,(8),(3),2,4,9]
12. [5,1,6,7,3,(8),(2),4,9]
13. [5,1,6,7,3,2,(8),(4),9]
14. [(5),(1),6,7,3,2,4,8,9]

15. [1,5,6,(7),(3),2,4,8,9]
16. [1,5,6,3,(7),(2),4,8,9]
17. [1,5,6,3,2,(7),(4),8,9]
18. [1,5,(6),(3),2,4,7,8,9]

19. [1,5,3,(6),(2),4,7,8,9]
20. [1,5,3,2,(6),(4),7,8,9]
21. [1,(5),(3),2,4,6,7,8,9]

22. [1,3,(5),(2),4,6,7,8,9]
23. [1,3,2,(5),(4),6,7,8,9]
24. [1,(3),(2),4,5,6,7,8,9]

25. [1,2,3,4,5,6,7,8,9]

InsertionSort
01. [6,(9),(5),1,8,7,3,2,4]
02. [(6),(5),9,1,8,7,3,2,4]
03. [5,6,(9),(1),8,7,3,2,4]

04. [5,(6),(1),9,8,7,3,2,4]
05. [(5),(1),6,9,8,7,3,2,4]
06. [1,5,6,(9),(8),7,3,2,4]

07. [1,5,6,8,(9),(7),3,2,4]

08. [1,5,6,(8),(7),9,3,2,4]
09. [1,5,6,7,8,(9),(3),2,4]

10. [1,5,6,7,(8),(3),9,2,4]
11. [1,5,6,(7),(3),8,9,2,4]
12. [1,5,(6),(3),7,8,9,2,4]
13. [1,(5),(3),6,7,8,9,2,4]
14. [1,3,5,6,7,8,(9),(2),4]

15. [1,3,5,6,7,(8),(2),9,4]
16. [1,3,5,6,(7),(2),8,9,4]
17. [1,3,5,(6),(2),7,8,9,4]
18. [1,3,(5),(2),6,7,8,9,4]
19. [1,(3),(2),5,6,7,8,9,4]
20. [1,2,3,5,6,7,8,(9),(4)]

21. [1,2,3,5,6,7,(8),(4),9]
22. [1,2,3,5,6,(7),(4),8,9]
23. [1,2,3,5,(6),(4),7,8,9]
24. [1,2,3,(5),(4),6,7,8,9]

25. [1,2,3,4,5,6,7,8,9]

SelectionSort
01. [(6),9,5,(1),8,7,3,2,4]

02. [1,(9),5,6,8,7,3,(2),4]

03. [1,2,(5),6,8,7,(3),9,4]

04. [1,2,3,(6),8,7,5,9,(4)]

05. [1,2,3,4,(8),7,(5),9,6]

06. [1,2,3,4,5,(7),8,9,(6)]

07. [1,2,3,4,5,6,(8),9,(7)]

08. [1,2,3,4,5,6,7,(9),(8)]

09. [1,2,3,4,5,6,7,8,9]
