BubbleSort
01. [5,(9),(6),1,2,8,7,4,3]
02. [5,6,(9),(1),2,8,7,4,3]
03. [5,6,1,(9),(2),8,7,4,3]
04. [5,6,1,2,(9),(8),7,4,3]
05. [5,6,1,2,8,(9),(7),4,3]
06. [5,6,1,2,8,7,(9),(4),3]
07. [5,6,1,2,8,7,4,(9),(3)]
08. [5,(6),(1),2,8,7,4,3,9]

09. [5,1,(6),(2),8,7,4,3,9]
10. [5,1,2,6,(8),(7),4,3,9]
11. [5,1,2,6,7,(8),(4),3,9]
12. [5,1,2,6,7,4,(8),(3),9]
13. [(5),(1),2,6,7,4,3,8,9]

14. [1,(5),(2),6,7,4,3,8,9]
15. [1,2,5,6,(7),(4),3,8,9]
16. [1,2,5,6,4,(7),(3),8,9]
17. [1,2,5,(6),(4),3,7,8,9]

18. [1,2,5,4,(6),(3),7,8,9]
19. [1,2,(5),(4),3,6,7,8,9]

20. [1,2,4,(5),(3),6,7,8,9]
21. [1,2,(4),(3),5,6,7,8,9]

22. [1,2,3,4,5,6,7,8,9]

InsertionSort
01. [5,(9),(6),1,2,8,7,4,3]
02. [5,6,(9),(1),2,8,7,4,3]

03. [5,(6),(1),9,2,8,7,4,3]
04. [(5),(1),6,9,2,8,7,4,3]
05. [1,5,6,(9),(2),8,7,4,3]

06. [1,5,(6),(2),9,8,7,4,3]
07. [1,(5),(2),6,9,8,7,4,3]
08. [1,2,5,6,(9),(8),7,4,3]

09. [1,2,5,6,8,(9),(7),4,3]

10. [1,2,5,6,(8),(7),9,4,3]
11. [1,2,5,6,7,8,(9),(4),3]

12. [1,2,5,6,7,(8),(4),9,3]
13. [1,2,5,6,(7),(4),8,9,3]
14. [1,2,5,(6),(4),7,8,9,3]
15. [1,2,(5),(4),6,7,8,9,3]
16. [1,2,4,5,6,7,8,(9),(3)]

17. [1,2,4,5,6,7,(8),(3),9]
18. [1,2,4,5,6,(7),(3),8,9]
19. [1,2,4,5,(6),(3),7,8,9]
20. [1,2,4,(5),(3),6,7,8,9]
21. [1,2,(4),(3),5,6,7,8,9]

22. [1,2,3,4,5,6,7,8,9]

SelectionSort
01. [(5),9,6,(1),2,8,7,4,3]

02. [1,(9),6,5,(2),8,7,4,3]

03. [1,2,(6),5,9,8,7,4,(3)]

04. [1,2,3,(5),9,8,7,(4),6]

05. [1,2,3,4,(9),8,7,(5),6]

06. [1,2,3,4,5,(8),7,9,(6)]

07. [1,2,3,4,5,6,7,(9),(8)]

08. [1,2,3,4,5,6,7,8,9]
